Block Size: 2
Input A: 
3 2 1 0 
3 0 1 2 
0 1 0 2 
0 0 0 2 

Input B: 
1 1 0 3 
2 3 3 1 
2 2 3 0 
3 1 2 1 

EXPECTED output: 
9 11 9 11 
11 7 7 11 
8 5 7 3 
6 2 4 2 

WARNING: An illegal reflective access operation has occurred
WARNING: Illegal reflective access by com.google.protobuf.UnsafeUtil (file:/Users/paullucaci/.m2/repository/com/google/protobuf/protobuf-java/3.5.1/protobuf-java-3.5.1.jar) to field java.nio.Buffer.address
WARNING: Please consider reporting this to the maintainers of com.google.protobuf.UnsafeUtil
WARNING: Use --illegal-access=warn to enable warnings of further illegal reflective access operations
WARNING: All illegal access operations will be denied in a future release
REAL output: 
9 11 9 11 
11 7 7 11 
8 5 7 3 
6 2 4 2 

Block Size: 3
Input A: 
1 2 2 2 3 3 
2 3 3 3 2 2 
3 2 3 0 3 0 
0 1 3 1 1 2 
0 2 0 1 0 1 
0 2 3 3 0 3 

Input B: 
2 2 2 2 1 3 
0 1 0 3 1 3 
1 1 0 0 3 1 
2 0 0 0 3 2 
0 2 0 2 0 3 
3 3 0 2 2 2 

EXPECTED output: 
17 21 2 20 21 30 
19 20 4 21 27 34 
9 17 6 18 14 27 
11 12 0 9 17 15 
5 5 0 8 7 10 
18 14 0 12 26 21 

REAL output: 
17 21 2 20 21 30 
19 20 4 21 27 34 
9 17 6 18 14 27 
11 12 0 9 17 15 
5 5 0 8 7 10 
18 14 0 12 26 21 

Block Size: 4
Input A: 
0 0 1 0 3 3 3 3 
2 3 3 0 2 3 0 3 
0 1 1 3 2 3 0 1 
2 1 3 2 2 3 2 1 
2 2 3 1 1 3 1 2 
0 3 2 1 3 0 1 2 
0 1 0 2 1 2 1 1 
2 3 0 1 1 3 2 1 

Input B: 
1 3 1 2 2 0 3 0 
0 1 3 2 2 3 2 2 
1 0 0 1 2 1 0 2 
0 0 3 3 0 0 1 3 
3 1 2 1 3 0 0 0 
3 1 3 1 2 2 0 3 
2 3 2 0 3 0 3 2 
2 2 2 3 0 0 0 0 

EXPECTED output: 
31 21 27 16 26 7 9 17 
26 20 30 27 28 18 12 21 
18 8 27 20 16 10 5 22 
26 20 30 23 30 12 16 27 
23 19 28 24 26 15 14 24 
17 13 24 20 22 11 10 15 
13 9 21 14 12 7 7 16 
20 21 31 20 25 15 19 22 

REAL output: 
31 21 27 16 26 7 9 17 
26 20 30 27 28 18 12 21 
18 8 27 20 16 10 5 22 
26 20 30 23 30 12 16 27 
23 19 28 24 26 15 14 24 
17 13 24 20 22 11 10 15 
13 9 21 14 12 7 7 16 
20 21 31 20 25 15 19 22 

Block Size: 5
Input A: 
0 0 3 3 0 1 1 1 3 2 
2 0 3 0 3 0 1 3 0 1 
2 0 3 1 1 1 1 0 2 3 
2 3 1 2 1 2 2 1 2 0 
3 0 2 2 3 1 3 0 0 3 
2 3 0 3 1 0 3 1 3 0 
2 3 3 1 1 2 0 1 3 1 
0 1 3 0 0 1 0 0 0 1 
2 2 0 1 1 3 0 3 1 2 
0 1 1 0 3 1 0 1 1 2 

Input B: 
3 3 1 1 2 2 0 3 2 2 
2 3 3 1 2 1 1 0 3 1 
1 1 0 1 1 3 3 1 3 2 
3 3 3 3 1 0 3 1 0 2 
0 2 0 3 0 1 3 3 3 1 
3 3 3 0 1 1 2 0 1 2 
1 0 2 1 2 1 2 2 0 2 
1 2 0 0 3 2 3 1 0 2 
2 0 0 2 1 0 1 1 1 0 
3 0 1 0 1 3 2 0 3 1 

EXPECTED output: 
29 17 16 19 17 19 32 12 19 20 
16 21 5 15 19 26 31 23 25 22 
29 17 13 16 16 25 27 17 28 20 
32 32 27 21 24 17 28 19 23 24 
32 26 21 23 20 28 35 28 31 28 
31 28 26 26 25 13 27 22 19 22 
34 31 21 20 23 24 30 17 33 23 
11 9 7 4 7 14 14 3 16 10 
33 32 22 12 24 22 28 14 23 23 
15 15 8 13 10 16 23 12 23 12 

REAL output: 
29 17 16 19 17 19 32 12 19 20 
16 21 5 15 19 26 31 23 25 22 
29 17 13 16 16 25 27 17 28 20 
32 32 27 21 24 17 28 19 23 24 
32 26 21 23 20 28 35 28 31 28 
31 28 26 26 25 13 27 22 19 22 
34 31 21 20 23 24 30 17 33 23 
11 9 7 4 7 14 14 3 16 10 
33 32 22 12 24 22 28 14 23 23 
15 15 8 13 10 16 23 12 23 12 

Block Size: 6
Input A: 
3 2 3 3 1 1 0 1 2 3 0 0 
1 1 1 3 0 2 1 3 2 0 3 3 
0 0 0 0 1 3 1 1 0 3 2 0 
0 2 1 2 1 2 0 0 1 3 2 3 
2 1 2 1 3 0 3 2 0 0 2 0 
2 3 1 2 1 0 3 0 2 0 2 0 
3 2 2 0 1 0 1 2 0 1 1 1 
2 1 3 0 0 0 2 3 3 0 2 1 
0 0 1 1 2 3 0 2 1 0 0 0 
2 3 0 2 3 3 2 2 1 1 1 3 
0 1 0 1 1 1 0 1 3 2 2 1 
0 1 3 0 1 3 0 1 2 2 1 2 

Input B: 
3 1 2 1 3 2 3 1 1 0 2 3 
0 3 0 2 3 0 2 1 3 2 1 1 
2 3 3 3 1 2 0 2 2 3 0 2 
3 1 1 3 2 2 2 1 1 0 2 3 
0 3 0 3 1 2 0 2 3 3 3 3 
2 0 3 3 0 2 1 1 2 3 3 0 
1 0 2 3 1 0 1 0 2 1 2 2 
1 3 3 1 0 1 2 1 2 0 2 2 
3 0 0 3 3 3 0 2 1 0 3 2 
1 3 2 3 1 0 0 3 3 0 1 1 
1 1 0 3 1 1 1 2 1 1 1 3 
2 2 2 3 2 3 1 1 0 2 2 0 

EXPECTED output: 
36 36 30 47 34 29 22 31 36 19 31 38 
37 28 31 51 29 35 26 25 26 21 38 36 
13 17 20 31 7 11 8 19 24 15 21 16 
26 31 23 49 26 26 15 28 29 24 29 24 
20 29 23 39 21 20 19 20 31 22 28 39 
25 21 15 41 32 20 21 19 28 17 28 36 
20 30 24 30 23 18 20 19 26 17 21 28 
30 27 28 40 27 27 19 23 26 17 28 35 
16 16 19 26 8 19 9 14 20 18 24 17 
33 38 33 58 35 35 29 28 41 33 48 38 
21 20 13 36 21 21 10 23 22 12 26 23 
26 29 29 45 20 28 10 27 29 28 28 21 

REAL output: 
36 36 30 47 34 29 22 31 36 19 31 38 
37 28 31 51 29 35 26 25 26 21 38 36 
13 17 20 31 7 11 8 19 24 15 21 16 
26 31 23 49 26 26 15 28 29 24 29 24 
20 29 23 39 21 20 19 20 31 22 28 39 
25 21 15 41 32 20 21 19 28 17 28 36 
20 30 24 30 23 18 20 19 26 17 21 28 
30 27 28 40 27 27 19 23 26 17 28 35 
16 16 19 26 8 19 9 14 20 18 24 17 
33 38 33 58 35 35 29 28 41 33 48 38 
21 20 13 36 21 21 10 23 22 12 26 23 
26 29 29 45 20 28 10 27 29 28 28 21 

[INFO] ------------------------------------------------------------------------
[INFO] BUILD SUCCESS
[INFO] ------------------------------------------------------------------------
[INFO] Total time:  0.781 s
[INFO] Finished at: 2021-02-15T21:47:49Z
[INFO] ------------------------------------------------------------------------
(M1) paullucaci@Pauls-MacBook-Pro grpc % 